1 2 3 4 5 6 7 8 9 1 2 3 4 5 6 7 8 9 1 2 3 4 5 6

1 8 4 8 2 2 6 8 8 2 4 2 6 6 4 2 6 8 2 8 2 6 8 4
2 6 8 6 4 4 2 6 6 4 8 4 2 2 8 4 2 6 4 6 4 2 6 8
6 8 4 8 2 2 6 8 8 2 4 2 6 6 4 2 6 8 2 8 2 6 8 4
4 2 6 2 8 8 4 2 2 8 6 8 4 4 6 8 4 2 8 2 8 4 2 6
2 8 4 2 6 4 6 4 2 6 8 2 8 4 2 4 6 6 8 4 4 6 2 6
2 8 4 2 6 4 6 4 2 6 8 2 8 4 2 4 6 6 8 4 4 6 2 6
4 6 8 4 2 8 2 8 4 2 6 4 6 8 4 8 2 2 6 8 8 2 4 2
2 8 4 2 6 4 6 4 2 6 8 2 8 4 2 4 6 6 8 4 4 6 2 6
8 2 6 8 4 6 4 6 8 4 2 8 2 6 8 6 4 4 2 6 6 4 8 4
8 4 8 2 2 6 8 8 2 4 2 6 6 4 2 6 8 2 8 2 6 8 4 6

  8 4 8 2 2 6 8 8 2 4 2 6 6 4 2 6 8 2 8 2 6 8 4 6
1 8 4 8 2 2 6 8 8 2 4 2 6 6 4 2 6 8 2 8 2 6 8 4
2 6 8 6 4 4 2 6 6 4 8 4 2 2 8 4 2 6 4 6 4 2 6 8
6 8 4 8 2 2 6 8 8 2 4 2 6 6 4 2 6 8 2 8 2 6 8 4
4 2 6 2 8 8 4 2 2 8 6 8 4 4 6 8 4 2 8 2 8 4 2 6
2 8 4 2 6 4 6 4 2 6 8 2 8 4 2 4 6 6 8 4 4 6 2 6
2 8 4 2 6 4 6 4 2 6 8 2 8 4 2 4 6 6 8 4 4 6 2 6
4 6 8 4 2 8 2 8 4 2 6 4 6 8 4 8 2 2 6 8 8 2 4 2
2 8 4 2 6 4 6 4 2 6 8 2 8 4 2 4 6 6 8 4 4 6 2 6
8 2 6 8 4 6 4 6 8 4 2 8 2 6 8 6 4 4 2 6 6 4 8 4

26422428886828868244846448468868222428224286626422428448466626466264886824484688682224282242866264448468868222428224286626488682662644484644846224282242844846662646626488682662642242888682886824484622428448466626466264886822242844846662646